line -87 208 -111 149
line -144 143 -144 85
line -169 69 -149 21
line -164 -2 -131 -34
line -136 -58 -97 -74
line -93 -95 -55 -95
line -44 -111 -13 -98
line 2 -108 23 -86
line 39 -89 49 -63
line 63 -60 62 -36
line 73 -28 64 -8
line 71 2 56 16
line 58 26 41 32
line 39 42 23 41
line 18 48 5 42
line -2 46 -11 37
line -111 149 -52 125
line -144 85 -86 86
line -149 21 -101 41
line -131 -34 -98 -1
line -97 -74 -81 -35
line -55 -95 -56 -57
line -13 -98 -26 -67
line 23 -86 1 -65
line 49 -63 23 -53
line 62 -36 38 -36
line 64 -8 44 -17
line 56 16 42 1
line 41 32 35 16
line 23 41 23 25
line 5 42 11 29
line -11 37 -1 28
line -52 125 -28 183
line -86 86 -87 143
line -101 41 -121 89
line -98 -1 -132 32
line -81 -35 -120 -19
line -56 -57 -93 -58
line -26 -67 -57 -80
line 1 -65 -20 -86
line 23 -53 13 -79
line 38 -36 38 -61
line 44 -17 53 -37
line 42 1 57 -13
line 35 16 52 9
line 23 25 40 26
line 11 29 24 35
line -1 28 8 37
line -28 183 -87 208
line -87 143 -144 143
line -121 89 -169 69
line -132 32 -164 -2
line -120 -19 -136 -58
line -93 -58 -93 -95
line -57 -80 -44 -111
line -20 -86 2 -108
line 13 -79 39 -89
line 38 -61 63 -60
line 53 -37 73 -28
line 57 -13 71 2
line 52 9 58 26
line 40 26 39 42
line 24 35 18 48
line 8 37 -2 46
