line 0 250 -35 235
line -96 231 -123 203
line -178 176 -192 141
line -232 94 -231 56
line -250 -2 -235 -37
line -230 -98 -202 -125
line -174 -179 -139 -193
line -92 -232 -54 -231
line 5 -250 39 -234
line 100 -229 126 -201
line 181 -173 194 -137
line 233 -90 232 -52
line 250 7 234 41
line 228 103 200 128
line 171 182 135 195
line 88 234 50 232
line -35 235 -50 200
line -123 203 -123 165
line -192 141 -177 105
line -231 56 -204 29
line -235 -37 -200 -52
line -202 -125 -164 -125
line -139 -193 -104 -178
line -54 -231 -27 -204
line 39 -234 54 -199
line 126 -201 126 -163
line 194 -137 179 -102
line 232 -52 205 -25
line 234 41 199 56
line 200 128 162 128
line 135 195 100 180
line 50 232 23 205
line -50 200 -35 165
line -123 165 -96 139
line -177 105 -142 91
line -204 29 -166 30
line -200 -52 -165 -37
line -164 -125 -138 -97
line -104 -178 -90 -143
line -27 -204 -28 -166
line 54 -199 38 -164
line 126 -163 98 -137
line 179 -102 143 -89
line 205 -25 167 -27
line 199 56 164 40
line 162 128 136 100
line 100 180 87 144
line 23 205 25 167
line -35 165 0 150
line -96 139 -58 138
line -142 91 -107 106
line -166 30 -139 56
line -165 -37 -150 -1
line -138 -97 -138 -59
line -90 -143 -105 -108
line -28 -166 -55 -139
line 38 -164 3 -150
line 98 -137 60 -137
line 143 -89 108 -104
line 167 -27 140 -54
line 164 40 150 4
line 136 100 137 62
line 87 144 103 109
line 25 167 53 140
line 0 150 35 165
line -58 138 -31 166
line -107 106 -93 141
line -139 56 -140 95
line -150 -1 -165 33
line -138 -59 -165 -33
line -105 -108 -140 -94
line -55 -139 -93 -141
line 3 -150 -32 -166
line 60 -137 34 -165
line 108 -104 95 -139
line 140 -54 141 -92
line 150 4 166 -30
line 137 62 165 36
line 103 109 138 96
line 53 140 91 142
line 35 165 50 200
line -31 166 -31 204
line -93 141 -107 176
line -140 95 -166 122
line -165 33 -200 48
line -165 -33 -204 -33
line -140 -94 -175 -108
line -93 -141 -120 -168
line -32 -166 -46 -201
line 34 -165 35 -203
line 95 -139 110 -174
line 141 -92 169 -118
line 166 -30 201 -44
line 165 36 203 36
line 138 96 173 112
line 91 142 117 170
line 50 200 35 235
line -31 204 -58 230
line -107 176 -142 190
line -166 122 -205 121
line -200 48 -235 33
line -204 -33 -230 -60
line -175 -108 -189 -144
line -120 -168 -119 -206
line -46 -201 -31 -236
line 35 -203 62 -229
line 110 -174 146 -188
line 169 -118 207 -117
line 201 -44 236 -28
line 203 36 229 64
line 173 112 186 147
line 117 170 115 208
line 35 235 0 250
line -58 230 -96 231
line -142 190 -178 176
line -205 121 -232 94
line -235 33 -250 -2
line -230 -60 -230 -98
line -189 -144 -174 -179
line -119 -206 -92 -232
line -31 -236 5 -250
line 62 -229 100 -229
line 146 -188 181 -173
line 207 -117 233 -90
line 236 -28 250 7
line 229 64 228 103
line 186 147 171 182
line 115 208 88 234
